ProdNum=10;
ResNum=13;
Prod:P1,0.780,0,0,0,0,0,0,0,0,1.800,1.440,0,0,190,20;
Prod:P2,0.780,0,0,0,2.000,0,0,1.875,0,1.800,1.440,0,0,240,60;
Prod:P3,0.780,0,0,0,0,1.400,0,0,0,0,1.440,1.157,0,220,20;
Prod:P4,0.780,0,0,0,0,0,1.775,0,0,0,1.440,0,0,300,40;
Prod:P5,0.780,0,0,0,0,0,0,0,0,0,0,1.157,0,290,55;
Prod:P6,0.780,0,0,0,2.000,0,1.775,0,0,0,0,0,0,200,70;
Prod:P7,0.780,0,0,0,0,0,1.775,1.875,0,0,0,0,0,260,35;
Prod:P8,0.780,0,4.000,1.057,0,0,1.775,0,1.175,0,0,0,0,170,25;
Prod:P9,0.780,1.089,2.667,1.057,2.000,0,0,0,0,0,0,0,1.450,210,20;
Prod:P10,0.780,1.089,2.667,0,3.000,0,1.775,0,1.175,0,3.000,0,1.450,310,50;
Res:M1,2040,0.781;
Res:M2,2040,0.247;
Res:M3,2040,0.468;
Res:M4,2040,0.117;
Res:M5,2040,0.560;
Res:M6,2040,0.050;
Res:M7,2040,0.592;
Res:M8,2040,0.214;
Res:M9,2040,0.146;
Res:M10,2040,0.184;
Res:M11,2040,0.609;
Res:M12,2040,0.151;
Res:M13,500,0.600;


