ProdNum=10;
ResNum=13;
Prod:P1,0.780,0.726,0,1.057,0,0,0,0,0,1.800,0,0,0,190,20;
Prod:P2,0,0.726,0,0,2.000,0,0,1.875,0,1.800,0,0,0,240,60;
Prod:P3,0,0,0,0,0,1.400,0,0,0,0,0,1.157,0,220,20;
Prod:P4,0,0,0,0,0,0,1.775,0,0,1.800,0,0,0,300,40;
Prod:P5,0,0,0,0,0,0,0,0,0,0,0,1.157,0,290,55;
Prod:P6,0,0,0,0,2.000,0,0,0,0,0,0,1.157,0,200,70;
Prod:P7,0,0,0,0,0,0,0,1.875,0,0,0,1.157,0,260,35;
Prod:P8,0,0,3.000,0,0,1.400,0,1.875,1.175,0,0,1.157,0,170,25;
Prod:P9,0,0,3.000,0,2.000,2.800,0,1.875,0,1.800,0,1.157,1.450,210,20;
Prod:P10,0.780,0,3.000,1.057,2.000,2.000,1.775,0,1.175,0,1.440,1.157,1.450,600,50;
Res:M1,2040,0.201;
Res:M2,2040,0.214;
Res:M3,2040,0.714;
Res:M4,2040,0.242;
Res:M5,2040,0.702;
Res:M6,2040,0.706;
Res:M7,2040,0.387;
Res:M8,2040,0.540;
Res:M9,2040,0.256;
Res:M10,2040,0.548;
Res:M11,2040,0.176;
Res:M12,2040,0.870;
Res:M13,2040,0.307;


