ProdNum=10;
ResNum=13;
Prod:P1,0.780,0.726,0,1.057,0,0,0,0,1.175,1.800,1.440,0,0,190,20;
Prod:P2,0.780,0.726,0,0,2.000,0,0,1.875,1.175,1.800,1.440,0,0,240,60;
Prod:P3,0.780,0.726,0,1.057,0,1.400,0,0,1.175,0,1.440,2.000,0,220,20;
Prod:P4,0.780,0.726,0,1.057,0,0,1.775,0,1.175,1.800,1.440,0,0,300,40;
Prod:P5,1.000,1.089,0,1.057,0,0,0,0,1.175,0,0,1.157,1.450,290,55;
Prod:P6,1.000,0.726,0,0,2.000,0,1.775,0,1.175,0,0,1.157,1.450,200,70;
Prod:P7,1.000,1.089,0,0,0,0,1.775,1.875,0,0,0,1.157,1.450,260,35;
Prod:P8,0.780,1.089,2.667,1.057,0,1.400,1.775,1.875,1.175,0,0,1.157,1.450,170,25;
Prod:P9,0.780,1.089,2.667,1.057,2.000,2.800,0,1.875,0,1.800,0,1.157,1.450,210,20;
Prod:P10,0.780,1.089,2.667,1.057,2.000,1.400,1.775,0,1.175,0,1.440,1.157,1.450,400,50;
Res:M1,2040,0.601;
Res:M2,2040,0.945;
Res:M3,2040,0.388;
Res:M4,2040,0.363;
Res:M5,2040,0.430;
Res:M6,2040,0.159;
Res:M7,2040,0.642;
Res:M8,2040,0.114;
Res:M9,2040,0.729;
Res:M10,2040,0.144;
Res:M11,2040,0.349;
Res:M12,2040,0.604;
Res:M13,2040,0.571;


