ProdNum=10;
ResNum=13;
Prod:P1,0.780,0,0,1.057,0,0,0,0,0,1.800,2.000,0,0,190,20;
Prod:P2,0.780,0,0,0,2.000,0,0,1.875,0,1.800,2.000,0,0,240,60;
Prod:P3,0,0,0,1.057,0,1.400,0,0,0,0,2.000,0,0,220,20;
Prod:P4,0,0,0,0,0,0,1.775,0,0,3.000,1.440,0,0,300,40;
Prod:P5,0,0,0,0,0,0,0,0,0,0,0,0,1.450,800,55;
Prod:P6,0,0,0,0,4.000,0,1.775,0,0,0,0,0,1.450,800,70;
Prod:P7,0,0,0,0,0,0,1.775,2.000,0,0,0,0,0,260,35;
Prod:P8,0,0,0,0,0,1.400,1.775,3.000,1.175,0,0,0,0,170,25;
Prod:P9,0,1.089,0,0,2.000,2.800,0,3.000,0,1.800,0,1.157,0,210,20;
Prod:P10,0,1.089,2.667,0,2.000,1.400,1.775,0,1.175,0,1.440,1.157,0,310,50;
Res:M1,2040,0.200;
Res:M2,2040,0.426;
Res:M3,500,0.446;
Res:M4,2040,0.211;
Res:M5,2040,0.950;
Res:M6,1500,0.655;
Res:M7,2040,0.834;
Res:M8,2040,0.602;
Res:M9,2040,0.226;
Res:M10,2040,0.596;
Res:M11,2040,0.710;
Res:M12,2040,0.230;
Res:M13,2040,0.426;


