ProdNum=10;
ResNum=13;
Prod:P1,0.780,0.726,0,1.057,0,0,0,0,1.175,1.800,1.440,0,0,190,20;
Prod:P2,0.780,0.726,0,0,2.000,0,0,1.875,1.175,1.800,1.440,0,0,300,60;
Prod:P3,0.780,0.726,0,1.057,0,1.400,0,0,1.175,0,1.440,1.157,0,220,20;
Prod:P4,0.780,0.726,0,1.057,0,0,1.775,0,1.175,1.800,1.440,0,0,300,40;
Prod:P5,0.780,1.089,0,1.057,0,0,0,0,1.175,0,0,1.157,1.450,290,55;
Prod:P6,0.780,0.726,0,0,3.000,0,1.775,0,1.175,0,0,1.157,1.450,200,70;
Prod:P7,0.780,1.089,0,0,0,0,1.775,1.875,0,0,0,1.157,1.450,260,35;
Prod:P8,0.780,1.089,2.667,1.057,0,1.400,1.775,1.875,1.175,0,0,1.157,1.450,250,25;
Prod:P9,0.780,1.089,2.667,1.057,2.000,2.800,0,1.875,0,1.800,0,1.157,1.450,210,20;
Prod:P10,0.780,1.089,2.667,1.057,2.000,1.400,1.775,0,1.175,0,1.440,1.157,1.000,310,50;
Res:M1,2040,0.484;
Res:M2,2040,0.929;
Res:M3,2040,0.338;
Res:M4,2040,0.329;
Res:M5,2040,0.500;
Res:M6,2040,0.129;
Res:M7,2040,0.591;
Res:M8,2040,0.271;
Res:M9,2040,0.729;
Res:M10,2040,0.195;
Res:M11,2040,0.292;
Res:M12,2040,0.425;
Res:M13,2040,0.431;


