ProdNum=10;
ResNum=13;
Prod:P1,0.780,0.726,0,1.057,0,0,0,0,1.175,1.800,0,0,0,190,20;
Prod:P2,0.780,0.726,0,0,0,0,0,1.875,1.175,1.800,1.440,0,0,240,60;
Prod:P3,0.780,0.726,0,1.057,0,0,0,0,1.175,0,1.440,1.157,0,220,20;
Prod:P4,0.780,0.726,0,1.057,0,0,0,0,1.175,0,0,0,0,300,40;
Prod:P5,1.000,1.089,0,2.000,0,0,0,0,1.175,0,0,1.157,1.450,290,55;
Prod:P6,1.000,0.726,0,0,0,0,0,0,1.175,0,0,1.157,1.450,200,70;
Prod:P7,1.000,1.089,0,0,0,0,1.775,0,0,0,0,3.000,1.450,260,35;
Prod:P8,1.000,1.089,2.667,1.057,0,0,0,0,1.175,0,0,1.157,1.450,170,25;
Prod:P9,1.000,1.089,0,1.057,2.000,2.800,0,1.875,0,0,0,1.157,1.450,210,20;
Prod:P10,0.780,1.089,2.667,1.057,3.000,1.400,1.775,0,1.175,0,0,1.157,1.450,310,50;
Res:M1,2040,0.632;
Res:M2,2040,0.864;
Res:M3,2040,0.205;
Res:M4,2040,0.534;
Res:M5,1000,0.564;
Res:M6,2040,0.157;
Res:M7,2040,0.141;
Res:M8,2040,0.100;
Res:M9,2040,0.610;
Res:M10,2040,0.084;
Res:M11,2040,0.057;
Res:M12,2040,0.615;
Res:M13,2040,0.512;


