ProdNum=10;
ResNum=13;
Prod:P1,0,0.726,0,1.057,0,0,0,0,1.175,1.800,1.440,0,0,190,20;
Prod:P2,0,0.726,0,0,2.000,0,0,1.875,1.175,1.800,1.440,0,0,240,60;
Prod:P3,0,0.726,0,1.057,0,1.400,0,0,0,0,1.440,1.157,0,220,20;
Prod:P4,0,0.726,0,2.000,0,0,1.775,0,0,1.800,2.000,0,0,300,40;
Prod:P5,0,1.089,0,2.000,0,0,0,0,0,0,0,0,1.450,290,55;
Prod:P6,0,0.726,0,0,0,0,0,0,0,0,0,0,1.450,200,70;
Prod:P7,0,1.089,0,0,0,0,0,1.875,0,0,0,0,1.450,260,35;
Prod:P8,0,1.089,0,1.057,0,1.400,0,1.875,0,0,0,0,0,170,25;
Prod:P9,0.780,1.089,0,1.057,0,2.800,0,1.875,0,1.800,0,0,0,210,20;
Prod:P10,0.780,1.089,2.667,1.057,0,1.400,1.775,0,0,0,2.000,1.157,0,310,50;
Res:M1,2040,0.057;
Res:M2,2040,0.959;
Res:M3,2040,0.137;
Res:M4,2040,0.700;
Res:M5,2040,0.048;
Res:M6,2040,0.429;
Res:M7,2040,0.232;
Res:M8,2040,0.435;
Res:M9,2040,0.083;
Res:M10,2040,0.446;
Res:M11,2040,0.595;
Res:M12,2040,0.111;
Res:M13,2040,0.136;


