ProdNum=10;
ResNum=13;
Prod:P1,0,0.726,0,1.057,0,0,0,0,0,1.800,2.000,0,0,190,20;
Prod:P2,0,0.726,0,0,0,0,0,1.875,0,1.800,1.440,0,0,240,60;
Prod:P3,0,0.726,0,0,0,0,0,0,3.000,0,1.440,0,0,300,20;
Prod:P4,0,0.726,0,0,0,0,1.775,0,0,3.000,1.440,0,0,300,40;
Prod:P5,0,1.089,0,1.057,0,0,0,0,0,0,0,1.157,0,290,55;
Prod:P6,0,0.726,0,0,2.000,0,2.000,0,0,0,0,1.157,0,200,70;
Prod:P7,0,1.089,0,0,0,0,1.775,4.000,0,0,0,0,0,260,35;
Prod:P8,0,1.089,4.000,0,0,0,1.775,1.875,0,0,0,0,0,200,25;
Prod:P9,0,1.089,2.667,0,0,5.000,0,1.875,0,1.800,0,0,1.450,210,20;
Prod:P10,0.780,1.089,2.667,0,0,4.000,1.775,0,4.000,0,1.440,3.000,1.450,310,50;
Res:M1,2040,0.029;
Res:M2,2040,0.761;
Res:M3,2040,0.335;
Res:M4,250,0.557;
Res:M5,2040,0.049;
Res:M6,2040,0.320;
Res:M7,2040,0.407;
Res:M8,2040,0.373;
Res:M9,2040,0.301;
Res:M10,2040,0.346;
Res:M11,2040,0.373;
Res:M12,2040,0.247;
Res:M13,500,0.421;


