ProdNum=5;
ResNum=16;
Prod:A,1,0,0,1,0,0,0,0,0,0,0,0,0,0,0,0,1500,1500;
Prod:B,0.5,0,1,1,2.3,1,0.5,0,2.0,0.5,3,0,0,0,0,0,2500,2200;
Prod:C,0.5,0,0,0.5,0,2.6,2,0,2.0,0,0,4.75,9,2,1,0.6,2000,3000;
Prod:D,1,2,0,1.0,2,0,0.75,2,0,0,0,0,1,0,0,0,1500,1700;
Prod:E,0.5,0,0,2,1,1.5,1,0,0,0,0,0,0,0,0,0,1500,2800;
Res:1,4750,0.615;
Res:2,13550,0.067;
Res:3,5390,0.161;
Res:4,8950,0.761;
Res:5,13520,0.575;
Res:6,9500,0.620;
Res:7,7150,0.608;
Res:8,13670,0.067;
Res:9,5950,0.633;
Res:10,2110,0.211;
Res:11,12500,0.214;
Res:12,11520,0.401;
Res:13,19700,0.465;
Res:14,4800,0.304;
Res:15,2400,0.304;
Res:16,1440,0.337;

