ProdNum=5;
ResNum=16;
Prod:A,0,0,0,0,0,0,0,0,0,0,0,0,0,0,0,0,0,1500;
Prod:B,0.5,0,1,1,2.3,1,0.5,0,0.5,0.5,3,0,0,0,0,0,3500,2200;
Prod:C,0.5,0,0,0.5,0,2.6,2,0,0.5,0,0,4.75,9,2,1,0.6,3000,3000;
Prod:D,1,2,0,0.5,2,0,0.75,2,0,0,0,0,1,0,0,0,1500,1700;
Prod:E,0.5,0,0,2,1,1,1,0,0,0,0,0,0,0,0,0,1500,2800;
Res:1,4750,0.690;
Res:2,13550,0.078;
Res:3,5390,0.252;
Res:4,8950,0.809;
Res:5,13520,0.712;
Res:6,9500,0.806;
Res:7,8500,0.716;
Res:8,13670,0.077;
Res:9,5950,0.287;
Res:10,2110,0.325;
Res:11,12500,0.330;
Res:12,11520,0.607;
Res:13,19700,0.692;
Res:14,4800,0.497;
Res:15,2400,0.497;
Res:16,1440,0.535;

