ProdNum=5;
ResNum=16;
Prod:A,1,0,0,1,1.5,0,0,0,0,0,0,0,0,0,0,0,1000,1500;
Prod:B,0.5,0,1,1,2.3,1,0.5,0,0,0.5,3,0,0,0,0,0,2500,2200;
Prod:C,0.5,0,0,0.5,0,2.6,2,0,0.5,0,0,4.75,9,2,1,0.6,2500,3000;
Prod:D,1,2,0,0.5,2,0,0.75,2,0,0,0,0,1,0,0,0,1500,1700;
Prod:E,0.5,0,0,2,1,1,1,0,0,0,0,0,0,0,0,0,2000,2800;
Res:1,4750,0.822;
Res:2,13550,0.068;
Res:3,5390,0.178;
Res:4,8950,0.887;
Res:5,13520,0.758;
Res:6,9500,0.712;
Res:7,7150,0.750;
Res:8,13670,0.067;
Res:9,5950,0.063;
Res:10,2110,0.236;
Res:11,12500,0.240;
Res:12,11520,0.529;
Res:13,19700,0.614;
Res:14,4800,0.440;
Res:15,2400,0.440;
Res:16,1440,0.471;

